1.764400000000000190e+01
2.247200000000000131e+01
2.408999999999999986e+01
2.631400000000000006e+01
2.826399999999999935e+01
3.042599999999999838e+01
3.220799999999999841e+01
3.333800000000000097e+01
3.398399999999999466e+01
3.488400000000000034e+01
3.578600000000000136e+01
3.645600000000000307e+01
3.698000000000000398e+01
3.775200000000000244e+01
3.831800000000000495e+01
3.861399999999999721e+01
3.902599999999999625e+01
3.959599999999999653e+01
3.980400000000000205e+01
4.014800000000000324e+01
4.065599999999999881e+01
4.104599999999999937e+01
4.201200000000000045e+01
4.209799999999999898e+01
4.232399999999999807e+01
4.287400000000000233e+01
4.277799999999999869e+01
4.314200000000000301e+01
4.341599999999999682e+01
4.356799999999999784e+01
4.300600000000000023e+01
4.377799999999999869e+01
4.353999999999999915e+01
4.362599999999999767e+01
4.374399999999999977e+01
4.421999999999999886e+01
4.397599999999999909e+01
4.447200000000000131e+01
4.433800000000000097e+01
4.440999999999999659e+01
4.468800000000000239e+01
4.432600000000000051e+01
4.435600000000000165e+01
4.453399999999999892e+01
4.458599999999999852e+01
4.481000000000000227e+01
4.503399999999999892e+01
4.483599999999999852e+01
4.474199999999999733e+01
4.468200000000000216e+01
4.495000000000000284e+01
4.471399999999999864e+01
4.454800000000000182e+01
4.509400000000000119e+01
4.490999999999999659e+01
4.467000000000000171e+01
4.471200000000000330e+01
4.459199999999999875e+01
4.483400000000000318e+01
4.489799999999999613e+01
4.503399999999999892e+01
4.476200000000000045e+01
4.490200000000000102e+01
4.476999999999999602e+01
4.465399999999999636e+01
4.490399999999999636e+01
4.485199999999999676e+01
4.485000000000000142e+01
4.470799999999999841e+01
4.476200000000000045e+01
4.493400000000000460e+01
4.502199999999999847e+01
4.501800000000000068e+01
4.503399999999999892e+01
4.506800000000000495e+01
4.476599999999999824e+01
4.494600000000000506e+01
4.498199999999999932e+01
4.487999999999999545e+01
4.536399999999999721e+01
4.463799999999999812e+01
4.486599999999999966e+01
4.472800000000000153e+01
4.485799999999999699e+01
4.511200000000000188e+01
4.475999999999999801e+01
4.473400000000000176e+01
4.508599999999999852e+01
4.496399999999999864e+01
4.485399999999999920e+01
4.521999999999999886e+01
4.467800000000000438e+01
4.471200000000000330e+01
4.485999999999999943e+01
4.518800000000000239e+01
4.490800000000000125e+01
4.427599999999999625e+01
4.499000000000000199e+01
4.478199999999999648e+01
4.488799999999999812e+01
4.499199999999999733e+01
4.519000000000000483e+01
4.460399999999999920e+01
4.474199999999999733e+01
4.496399999999999864e+01
4.505600000000000449e+01
4.511200000000000188e+01
4.516199999999999903e+01
4.489999999999999858e+01
4.489199999999999591e+01
4.478799999999999670e+01
4.499199999999999733e+01
4.476999999999999602e+01
4.514399999999999835e+01
4.453600000000000136e+01
4.490800000000000125e+01
4.476599999999999824e+01
4.511200000000000188e+01
4.501800000000000068e+01
4.489000000000000057e+01
4.510999999999999943e+01
4.504599999999999937e+01
4.486200000000000188e+01
4.495600000000000307e+01
4.493200000000000216e+01
4.502400000000000091e+01
4.459400000000000119e+01
4.495799999999999841e+01
4.514999999999999858e+01
4.460799999999999699e+01
4.478199999999999648e+01
4.492999999999999972e+01
4.490599999999999881e+01
4.480799999999999983e+01
4.508599999999999852e+01
4.542000000000000171e+01
4.495400000000000063e+01
4.489000000000000057e+01
4.495600000000000307e+01
4.484000000000000341e+01
4.481000000000000227e+01
4.513599999999999568e+01
4.490399999999999636e+01
4.526999999999999602e+01
4.487999999999999545e+01
4.476599999999999824e+01
4.502199999999999847e+01
4.474000000000000199e+01
4.526200000000000045e+01
4.486999999999999744e+01
4.489799999999999613e+01
4.503600000000000136e+01
4.503799999999999670e+01
4.496800000000000352e+01
4.503199999999999648e+01
4.485000000000000142e+01
4.505199999999999960e+01
4.523199999999999932e+01
4.511200000000000188e+01
4.521200000000000330e+01
4.512599999999999767e+01
4.495799999999999841e+01
4.527199999999999847e+01
4.503799999999999670e+01
4.531000000000000227e+01
4.504200000000000159e+01
4.457400000000000517e+01
4.507800000000000296e+01
4.479800000000000182e+01
4.525799999999999557e+01
4.500999999999999801e+01
4.517399999999999949e+01
4.499799999999999756e+01
4.533599999999999852e+01
4.514000000000000057e+01
4.505199999999999960e+01
4.492800000000000438e+01
4.503399999999999892e+01
4.503000000000000114e+01
4.482000000000000028e+01
4.495000000000000284e+01
4.486999999999999744e+01
4.498199999999999932e+01
4.488400000000000034e+01
4.519000000000000483e+01
4.496600000000000108e+01
4.508599999999999852e+01
4.514799999999999613e+01
4.508599999999999852e+01
4.490999999999999659e+01
4.503399999999999892e+01
4.506200000000000472e+01
4.495199999999999818e+01
4.501999999999999602e+01
4.518200000000000216e+01
4.520199999999999818e+01
4.519400000000000261e+01
4.480199999999999960e+01
4.503799999999999670e+01
4.496200000000000330e+01
