1.899800000000000111e+01
2.645600000000000307e+01
2.991199999999999903e+01
3.232000000000000028e+01
3.307200000000000273e+01
3.380799999999999983e+01
3.450800000000000267e+01
3.531400000000000006e+01
3.558999999999999631e+01
3.667399999999999949e+01
3.755199999999999960e+01
3.773799999999999955e+01
3.857600000000000051e+01
3.871999999999999886e+01
3.948400000000000176e+01
3.971799999999999642e+01
4.005000000000000426e+01
4.095799999999999841e+01
4.134799999999999898e+01
4.165599999999999881e+01
4.216599999999999682e+01
4.219200000000000017e+01
4.317999999999999972e+01
4.342399999999999949e+01
4.366399999999999437e+01
4.376200000000000045e+01
4.428999999999999915e+01
4.487199999999999989e+01
4.540800000000000125e+01
4.561399999999999721e+01
4.578400000000000603e+01
4.689600000000000080e+01
4.721999999999999886e+01
4.709199999999999875e+01
4.705400000000000205e+01
4.756600000000000250e+01
4.767000000000000171e+01
4.749600000000000222e+01
4.800800000000000267e+01
4.769999999999999574e+01
4.839000000000000057e+01
4.814600000000000080e+01
4.829999999999999716e+01
4.839000000000000057e+01
4.813200000000000500e+01
4.848199999999999932e+01
4.827600000000000335e+01
4.824800000000000466e+01
4.824600000000000222e+01
4.882399999999999807e+01
4.847400000000000375e+01
4.825400000000000489e+01
4.840400000000000347e+01
4.857799999999999585e+01
4.822599999999999909e+01
4.837600000000000477e+01
4.855199999999999960e+01
4.822800000000000153e+01
4.849200000000000443e+01
4.852600000000000335e+01
4.877600000000000335e+01
4.876599999999999824e+01
4.849000000000000199e+01
4.869200000000000017e+01
4.860000000000000142e+01
4.837600000000000477e+01
4.861400000000000432e+01
4.874399999999999977e+01
4.855799999999999983e+01
4.862800000000000011e+01
4.844200000000000017e+01
4.867199999999999704e+01
4.841400000000000148e+01
4.834199999999999875e+01
4.819599999999999795e+01
4.882799999999999585e+01
4.860200000000000387e+01
4.875200000000000244e+01
4.847400000000000375e+01
4.837400000000000233e+01
4.864600000000000080e+01
4.867600000000000193e+01
4.840200000000000102e+01
4.900200000000000244e+01
4.844399999999999551e+01
4.865800000000000125e+01
4.841400000000000148e+01
4.843999999999999773e+01
4.870400000000000063e+01
4.863400000000000034e+01
4.850600000000000023e+01
4.877000000000000313e+01
4.877000000000000313e+01
4.860800000000000409e+01
4.864999999999999858e+01
4.880799999999999983e+01
4.860399999999999920e+01
4.846800000000000352e+01
4.840599999999999881e+01
4.870599999999999596e+01
4.880599999999999739e+01
4.842000000000000171e+01
4.853799999999999670e+01
4.853199999999999648e+01
4.885600000000000165e+01
4.883200000000000074e+01
4.896399999999999864e+01
4.871600000000000108e+01
4.853799999999999670e+01
4.872200000000000131e+01
4.880799999999999983e+01
4.848799999999999955e+01
4.882199999999999562e+01
4.876200000000000045e+01
4.868399999999999750e+01
4.867600000000000193e+01
4.864999999999999858e+01
4.866599999999999682e+01
4.913799999999999812e+01
4.872200000000000131e+01
4.846999999999999886e+01
4.880999999999999517e+01
4.837400000000000233e+01
4.869999999999999574e+01
4.861400000000000432e+01
4.884199999999999875e+01
4.843999999999999773e+01
4.862400000000000233e+01
4.854999999999999716e+01
4.866799999999999926e+01
4.872800000000000153e+01
4.889000000000000057e+01
4.890399999999999636e+01
4.869599999999999795e+01
4.901400000000000290e+01
4.869999999999999574e+01
4.862800000000000011e+01
4.845799999999999841e+01
4.870199999999999818e+01
4.857000000000000028e+01
4.877199999999999847e+01
4.862400000000000233e+01
4.859000000000000341e+01
4.873000000000000398e+01
4.901599999999999824e+01
4.878000000000000114e+01
4.870199999999999818e+01
4.874800000000000466e+01
4.859000000000000341e+01
4.873799999999999955e+01
4.870799999999999841e+01
4.880799999999999983e+01
4.892399999999999949e+01
4.850000000000000000e+01
4.887000000000000455e+01
4.885200000000000387e+01
4.878999999999999915e+01
4.888199999999999790e+01
4.851200000000000045e+01
4.874600000000000222e+01
4.847599999999999909e+01
4.859400000000000119e+01
4.890999999999999659e+01
4.857399999999999807e+01
4.870599999999999596e+01
4.892199999999999704e+01
4.882000000000000028e+01
4.860600000000000165e+01
4.881400000000000006e+01
4.904599999999999937e+01
4.873799999999999955e+01
4.858800000000000097e+01
4.871800000000000352e+01
4.866799999999999926e+01
4.866599999999999682e+01
4.889399999999999835e+01
4.868799999999999528e+01
4.836400000000000432e+01
4.850999999999999801e+01
4.869800000000000040e+01
4.893199999999999505e+01
4.858800000000000097e+01
4.858399999999999608e+01
4.851800000000000068e+01
4.887000000000000455e+01
4.880599999999999739e+01
4.852199999999999847e+01
4.869999999999999574e+01
4.874600000000000222e+01
4.881799999999999784e+01
4.875600000000000023e+01
4.864000000000000057e+01
4.869599999999999795e+01
4.876400000000000290e+01
4.881799999999999784e+01
4.882399999999999807e+01
4.849000000000000199e+01
4.908200000000000074e+01
4.849200000000000443e+01
4.861599999999999966e+01
