2.242000000000000171e+01
3.167599999999999838e+01
3.428000000000000114e+01
3.510399999999999920e+01
3.599399999999999977e+01
3.649800000000000466e+01
3.702799999999999869e+01
3.737599999999999767e+01
3.792199999999999704e+01
3.853999999999999915e+01
3.932999999999999829e+01
3.978000000000000114e+01
4.030000000000000426e+01
4.091400000000000148e+01
4.146399999999999864e+01
4.201400000000000290e+01
4.242799999999999727e+01
4.289399999999999835e+01
4.315200000000000102e+01
4.326400000000000290e+01
4.379999999999999716e+01
4.436599999999999966e+01
4.502599999999999625e+01
4.465599999999999881e+01
4.524399999999999977e+01
4.608200000000000074e+01
4.642200000000000415e+01
4.646999999999999886e+01
4.672599999999999909e+01
4.659599999999999653e+01
4.705599999999999739e+01
4.662800000000000011e+01
4.677799999999999869e+01
4.713200000000000500e+01
4.742000000000000171e+01
4.736800000000000210e+01
4.724199999999999733e+01
4.753399999999999892e+01
4.742199999999999704e+01
4.745199999999999818e+01
4.746000000000000085e+01
4.771999999999999886e+01
4.773199999999999932e+01
4.761200000000000188e+01
4.731799999999999784e+01
4.755400000000000205e+01
4.763800000000000523e+01
4.803000000000000114e+01
4.774399999999999977e+01
4.778999999999999915e+01
4.751800000000000068e+01
4.738400000000000034e+01
4.769800000000000040e+01
4.767999999999999972e+01
4.762400000000000233e+01
4.768599999999999994e+01
4.773400000000000176e+01
4.772800000000000153e+01
4.764399999999999835e+01
4.747799999999999443e+01
4.747599999999999909e+01
4.766400000000000148e+01
4.741000000000000369e+01
4.775600000000000023e+01
4.781000000000000227e+01
4.766199999999999903e+01
4.746999999999999886e+01
4.778800000000000381e+01
4.775200000000000244e+01
4.753399999999999892e+01
4.768999999999999773e+01
4.753399999999999892e+01
4.761800000000000210e+01
4.760999999999999943e+01
4.782799999999999585e+01
4.763400000000000034e+01
4.750600000000000023e+01
4.783599999999999852e+01
4.777199999999999847e+01
4.767399999999999949e+01
4.783200000000000074e+01
4.757399999999999807e+01
4.763200000000000500e+01
4.767999999999999972e+01
4.747999999999999687e+01
4.792999999999999972e+01
4.770599999999999596e+01
4.791199999999999903e+01
4.749000000000000199e+01
4.804999999999999716e+01
4.763000000000000256e+01
4.750400000000000489e+01
4.721000000000000085e+01
4.770199999999999818e+01
4.777600000000000335e+01
4.767199999999999704e+01
4.751400000000000290e+01
4.785600000000000165e+01
4.796799999999999642e+01
4.741799999999999926e+01
4.737800000000000011e+01
4.783200000000000074e+01
4.792399999999999949e+01
4.758999999999999631e+01
4.789600000000000080e+01
4.782799999999999585e+01
4.757600000000000051e+01
4.760799999999999699e+01
4.750400000000000489e+01
4.742399999999999949e+01
4.757399999999999807e+01
4.776000000000000512e+01
4.770199999999999818e+01
4.749800000000000466e+01
4.771999999999999886e+01
4.763600000000000279e+01
4.778000000000000114e+01
4.773600000000000421e+01
4.754399999999999693e+01
4.762800000000000011e+01
4.774000000000000199e+01
4.781199999999999761e+01
4.752600000000000335e+01
4.778999999999999915e+01
4.801000000000000512e+01
4.757799999999999585e+01
4.799600000000000222e+01
4.776400000000000290e+01
4.772999999999999687e+01
4.747199999999999420e+01
4.770199999999999818e+01
4.779200000000000159e+01
4.775600000000000023e+01
4.798799999999999955e+01
4.754399999999999693e+01
4.764000000000000057e+01
4.761800000000000210e+01
4.742999999999999972e+01
4.796999999999999886e+01
4.772999999999999687e+01
4.791599999999999682e+01
4.755199999999999960e+01
4.754999999999999716e+01
4.804999999999999716e+01
4.747199999999999420e+01
4.762400000000000233e+01
4.758800000000000097e+01
4.757399999999999807e+01
4.772399999999999665e+01
4.765400000000000347e+01
4.798799999999999955e+01
4.779200000000000159e+01
4.771599999999999397e+01
4.778000000000000114e+01
4.776400000000000290e+01
4.760799999999999699e+01
4.782000000000000028e+01
4.784399999999999409e+01
4.759399999999999409e+01
4.810200000000000387e+01
4.746000000000000085e+01
4.764200000000000301e+01
4.768399999999999750e+01
4.788799999999999812e+01
4.802600000000000335e+01
4.767000000000000171e+01
4.781400000000000006e+01
4.773600000000000421e+01
4.773799999999999955e+01
4.757199999999999562e+01
4.783599999999999852e+01
4.779999999999999716e+01
4.762600000000000477e+01
4.768999999999999773e+01
4.765800000000000125e+01
4.774600000000000222e+01
4.799000000000000199e+01
4.753800000000000381e+01
4.776800000000000068e+01
4.768999999999999773e+01
4.757399999999999807e+01
4.776200000000000045e+01
4.787600000000000477e+01
4.758599999999999852e+01
4.787400000000000233e+01
4.768599999999999994e+01
4.787800000000000011e+01
4.765599999999999881e+01
4.787199999999999989e+01
4.762800000000000011e+01
4.778399999999999892e+01
4.792999999999999972e+01
4.761200000000000188e+01
4.741000000000000369e+01
4.757999999999999829e+01
4.781000000000000227e+01
4.801599999999999824e+01
4.777199999999999847e+01
4.765200000000000102e+01
4.796999999999999886e+01
